Feb,17,20
Mar,7,23
Apr,14,13
May,9,10
Jun,17,16
Jul,25,10
Aug,12,14
Sep,22,18
Oct,22,21
Nov,24,26
Dec,25,28
